# GetLDSScan of a BotVac D6 Connected (software 4.5.3.189) taken while it was
# cleaning -- the lidar only turns on its own during a run. Docked, every row
# reads 0 and ROTATION_SPEED is 0.00.
#
# Kept verbatim: the invalid rows and the out-of-range distances are the point.
# A filter written against a clean scan would pass them straight into the map.
AngleInDegrees,DistInMM,Intensity,ErrorCodeHEX
0,1284,167,0
1,1266,172,0
2,1248,171,0
3,1230,178,0
4,1214,186,0
5,1198,193,0
6,1183,200,0
7,1170,208,0
8,1158,220,0
9,1145,196,0
10,1137,164,0
11,1126,108,0
12,1116,65,0
13,1106,21,0
14,0,0,8035
15,0,0,8035
16,1060,35,0
17,1054,114,0
18,1049,186,0
19,1043,234,0
20,1038,262,0
21,1031,262,0
22,1026,275,0
23,1018,282,0
24,1014,285,0
25,1008,282,0
26,0,282,8021
27,999,289,0
28,995,299,0
29,990,291,0
30,986,292,0
31,983,303,0
32,983,308,0
33,979,301,0
34,979,317,0
35,980,288,0
36,1097,97,0
37,1109,236,0
38,1103,158,0
39,1103,154,0
40,1101,158,0
41,1103,171,0
42,1102,172,0
43,1102,164,0
44,1103,157,0
45,1105,175,0
46,1107,208,0
47,1107,217,0
48,1109,194,0
49,1110,198,0
50,0,198,8021
51,1114,205,0
52,1116,191,0
53,1120,191,0
54,1123,174,0
55,1127,98,0
56,2671,9,0
57,0,0,8035
58,2683,10,0
59,2693,6,0
60,0,0,8035
61,0,0,8035
62,0,0,8035
63,0,0,8035
64,0,0,8035
65,0,0,8035
66,0,0,8035
67,0,0,8035
68,0,0,8035
69,3486,13,0
70,3531,15,0
71,3436,16,0
72,3594,11,0
73,3632,13,0
74,3680,18,0
75,3741,16,0
76,3748,15,0
77,3803,16,0
78,3756,14,0
79,3782,16,0
80,3940,13,0
81,3934,14,0
82,3914,14,0
83,4108,10,0
84,3994,6,0
85,3668,11,0
86,3608,14,0
87,3683,11,0
88,3811,6,0
89,3968,9,0
90,0,0,8035
91,0,0,8035
92,0,0,8035
93,4114,7,0
94,0,0,8035
95,0,0,8035
96,0,0,8035
97,0,0,8035
98,0,0,8035
99,0,0,8035
100,0,0,8035
101,0,0,8035
102,3536,7,0
103,3690,8,0
104,3589,8,0
105,3570,9,0
106,3486,10,0
107,3565,9,0
108,3561,13,0
109,3511,9,0
110,3370,17,0
111,3323,17,0
112,3458,13,0
113,3436,5,0
114,0,0,8035
115,3649,17,0
116,3705,19,0
117,3695,20,0
118,3651,19,0
119,3582,20,0
120,3641,28,0
121,0,0,8035
122,0,0,8035
123,0,0,8035
124,0,0,8035
125,0,0,8035
126,0,0,8035
127,0,0,8035
128,0,0,8035
129,0,0,8035
130,0,0,8035
131,0,0,8035
132,0,0,8035
133,0,17,8007
134,0,13,8007
135,0,0,8035
136,0,0,8035
137,0,0,8035
138,2685,7,0
139,2739,6,0
140,0,0,8035
141,2612,7,0
142,0,0,8035
143,0,0,8035
144,1613,20,0
145,0,0,8035
146,0,0,8035
147,0,0,8035
148,0,0,8035
149,0,0,8035
150,0,0,8035
151,0,0,8035
152,0,0,8035
153,0,0,8035
154,782,39,0
155,754,91,0
156,727,131,0
157,700,139,0
158,675,163,0
159,653,165,0
160,632,183,0
161,612,187,0
162,594,226,0
163,577,231,0
164,562,253,0
165,547,270,0
166,533,288,0
167,520,264,0
168,508,291,0
169,496,317,0
170,483,339,0
171,473,369,0
172,464,372,0
173,454,409,0
174,445,436,0
175,437,432,0
176,429,479,0
177,421,446,0
178,414,469,0
179,408,530,0
180,401,501,0
181,395,507,0
182,389,528,0
183,384,550,0
184,378,568,0
185,373,557,0
186,368,574,0
187,364,582,0
188,359,615,0
189,355,661,0
190,351,651,0
191,347,665,0
192,343,698,0
193,339,705,0
194,336,700,0
195,332,644,0
196,326,181,0
197,0,0,8035
198,0,0,8035
199,0,0,8035
200,0,0,8035
201,0,0,8035
202,0,0,8035
203,0,0,8035
204,0,0,8035
205,16785,54,0
206,431,96,0
207,464,93,0
208,499,97,0
209,540,78,0
210,587,57,0
211,0,0,8002
212,737,384,0
213,0,0,8002
214,0,0,8002
215,718,521,0
216,716,540,0
217,715,528,0
218,713,537,0
219,711,531,0
220,711,548,0
221,710,548,0
222,709,523,0
223,709,532,0
224,709,537,0
225,708,516,0
226,709,526,0
227,709,515,0
228,710,534,0
229,711,501,0
230,711,516,0
231,713,540,0
232,690,86,0
233,17005,35,0
234,16951,40,0
235,16907,43,0
236,16867,44,0
237,16837,58,0
238,16806,68,0
239,16782,86,0
240,16760,88,0
241,355,105,0
242,0,105,8021
243,322,597,0
244,322,794,0
245,323,683,0
246,322,139,0
247,0,0,8035
248,0,0,8035
249,0,0,8035
250,0,0,8035
251,0,0,8035
252,0,0,8035
253,0,0,8035
254,0,0,8035
255,329,191,0
256,331,453,0
257,336,550,0
258,348,501,0
259,355,670,0
260,359,527,0
261,364,492,0
262,369,478,0
263,374,663,0
264,380,666,0
265,386,645,0
266,0,645,8021
267,385,512,0
268,404,582,0
269,411,549,0
270,419,551,0
271,427,381,0
272,435,527,0
273,444,517,0
274,453,466,0
275,463,371,0
276,474,447,0
277,477,621,0
278,518,377,0
279,532,364,0
280,539,348,0
281,530,446,0
282,525,536,0
283,519,553,0
284,514,561,0
285,509,549,0
286,504,556,0
287,500,568,0
288,495,544,0
289,492,547,0
290,488,531,0
291,484,569,0
292,480,590,0
293,477,479,0
294,474,554,0
295,470,432,0
296,463,161,0
297,0,0,8035
298,0,0,8035
299,0,0,8035
300,0,0,8035
301,0,0,8035
302,0,0,8035
303,458,85,0
304,453,421,0
305,450,592,0
306,448,627,0
307,446,569,0
308,445,400,0
309,653,403,0
310,3346,18,0
311,3327,42,0
312,3309,35,0
313,3313,29,0
314,0,29,8021
315,3332,34,0
316,3323,37,0
317,3323,32,0
318,3288,45,0
319,3348,37,0
320,3340,30,0
321,3346,30,0
322,3336,40,0
323,3323,34,0
324,3379,31,0
325,3350,40,0
326,3404,28,0
327,3417,34,0
328,3427,31,0
329,3458,30,0
330,3404,32,0
331,3460,32,0
332,3491,30,0
333,3517,28,0
334,3447,33,0
335,3556,26,0
336,3570,29,0
337,0,0,8035
338,3290,14,0
339,3254,19,0
340,3272,13,0
341,3352,6,0
342,3305,16,0
343,3211,16,0
344,3130,14,0
345,3050,18,0
346,2934,18,0
347,2812,20,0
348,2827,21,0
349,2792,37,0
350,2785,35,0
351,2834,29,0
352,2885,20,0
353,2920,21,0
354,2875,27,0
355,2971,20,0
356,3038,14,0
357,3095,16,0
358,3126,19,0
359,0,0,8035
ROTATION_SPEED,5.02
